000200700050096832080700006410000078020074500703185400002531004031640050009000610
020345007050006300400001265730100009605079003209008700042007951000050038060000402
009800100162070500030129700026080300345006000001743006910658400000030005204900080
107032006306700000080190050030250040009000000600904001060400085000000300415070000
000530080000609200004020010000000832600000740008700100500002008376085409000074000
000080700832050000705380010013500820200030049980000000070000000409060185001000000
001004070640200000800010509400002000000190080000700300300500000000000760900078400
158060000900004070300800000500270900000030057070000010400001800000090000000400190
004003568500807042000004000805012000000050209000000600078000000000000050600900070
001084600040200030007000509006000107000000306000106000000070005080000000304000020
000030006030000200800000750208001000000000005100078002009000800000250040060004000
000400080005008060920000070000000208007000006000196000600904501000050000049000000
200003180000000403070054006360009050018000000002708600000001000430096018601407390
530070000600195000098000060800060003400803001700020006060000280000419005000080079
080000200000084090006320010097000080800903002010000950070045800030710000008000040